2.026 101.0
2.124 105.0
2.173 99.0
2.222 102.0
2.273 95.0
2.321 102.0
2.372 94.0
2.421 96.0
2.472 94.0
2.522 86.0
2.572 83.0
2.621 76.0
2.671 82.0
2.721 78.0
2.772 80.0
2.821 77.0
2.871 84.0
2.921 88.0
2.971 80.0
3.021 78.0
3.071 73.0
3.122 67.0
3.171 67.0
3.221 61.0
3.271 64.0
3.321 68.0
3.371 72.0
3.422 76.0
3.471 82.0
3.521 89.0
3.571 83.0
3.621 91.0
3.671 84.0
3.722 90.0
3.771 79.0
3.821 89.0
3.871 83.0
3.921 98.0
3.971 86.0
4.022 78.0
4.071 81.0
4.121 90.0
4.171 94.0
4.221 94.0
4.271 98.0
4.321 92.0
4.371 93.0
4.422 70.0
4.472 86.0
4.522 69.0
4.572 65.0
4.621 71.0
4.671 61.0
4.722 64.0
4.772 65.0
4.822 66.0
4.872 65.0
4.921 72.0
4.971 78.0
5.022 86.0
5.072 96.0
5.122 91.0
5.172 94.0
5.221 81.0
5.271 80.0
5.322 79.0
5.372 73.0
5.422 78.0
5.472 76.0
5.521 73.0
5.571 78.0
5.622 72.0
5.672 84.0
5.722 74.0
5.772 84.0
5.822 93.0
5.872 72.0
5.923 72.0
5.973 60.0
6.022 71.0
6.071 80.0
6.122 86.0
6.171 81.0
6.222 86.0
6.273 86.0
6.323 84.0
6.371 85.0
6.421 85.0
6.471 87.0
6.521 87.0
6.572 85.0
6.622 82.0
6.672 83.0
6.721 80.0
6.771 77.0
6.822 77.0
6.872 62.0
6.922 60.0
6.971 58.0
7.021 59.0
7.071 61.0
7.121 63.0
7.172 63.0
7.221 64.0
7.271 66.0
7.321 69.0
7.371 72.0
7.421 86.0
7.472 89.0
7.521 93.0
7.572 94.0
7.622 97.0
7.672 103.0
7.723 108.0
7.773 113.0
7.823 114.0
7.873 114.0
7.923 119.0
7.973 118.0
8.023 119.0
8.074 115.0
8.123 119.0
8.173 114.0
8.223 112.0
8.273 110.0
8.323 102.0
8.373 97.0
8.422 101.0
8.473 110.0
8.523 111.0
8.573 109.0
8.623 100.0
8.673 101.0
8.724 100.0
8.774 107.0
8.824 109.0
8.874 108.0
8.924 109.0
8.973 114.0
9.024 116.0
9.073 122.0
9.124 134.0
9.174 143.0
9.224 150.0
9.273 161.0
9.323 176.0
9.373 189.0
9.424 208.0
9.474 226.0
9.524 259.0
9.573 282.0
9.623 296.0
9.673 276.0
9.724 264.0
9.774 224.0
9.824 193.0
9.873 171.0
9.923 156.0
9.973 141.0
10.024 127.0
10.074 124.0
10.124 127.0
10.174 145.0
10.224 163.0
10.275 185.0
10.325 199.0
10.375 219.0
10.424 260.0
10.474 298.0
10.524 339.0
10.574 367.0
10.625 353.0
10.675 342.0
10.724 303.0
10.774 246.0
10.824 209.0
10.874 189.0
10.924 167.0
10.975 154.0
11.024 146.0
11.074 136.0
11.124 139.0
11.174 153.0
11.225 169.0
11.275 189.0
11.324 204.0
11.374 213.0
11.424 237.0
11.474 269.0
11.524 294.0
11.574 297.0
11.624 273.0
11.674 244.0
11.724 214.0
11.774 195.0
11.824 178.0
11.873 164.0
11.924 148.0
11.974 138.0
